0.0 270.74832259283971 247.9121237622962 256.43289041445507 333.48267004783469
0.050000000000000003 270.03499050570701 318.34036446102385 276.671463276015 267.9513807739695
0.10000000000000001 272.60287767841862 295.00111270124569 337.15074360639392 274.45331009471568
0.15000000000000002 346.79669613092182 258.18944755659055 332.6138915404099 248.86877372554505
0.20000000000000001 338.96104132550903 323.18686264559483 325.47849826165447 312.72593923441167
0.25 250.76276357762134 332.90744172264982 329.84254595410323 297.71098136619571
0.30000000000000004 343.82004318578453 317.1926241398628 278.16945747350189 265.67237958652436
0.35000000000000003 327.46021245664673 262.78388392414149 278.0428687414003 288.5669828469006
0.40000000000000002 295.63266781319368 262.86257509200635 259.27109936652613 254.28516934397453
0.45000000000000001 325.80617329239271 260.63187183375243 279.28859589730769 289.50401737458776
0.5 320.76126156123371 286.48271452674032 259.68331011835448 252.03041543934546
0.55000000000000004 274.60245493229331 333.64263241602816 335.48531024648616 347.6646062099374
0.60000000000000009 246.93326766724309 292.76472663780891 282.64172130732794 305.68850166251264
0.65000000000000002 253.46057929568761 318.33948271281088 252.18761416722046 288.02490787298353
0.70000000000000007 284.83118977383816 307.34601316957787 312.49956830041913 291.0108891514609
0.75 249.88321091281486 261.28567461579428 257.70596873198946 285.42922402748309
0.80000000000000004 317.6438574335225 271.19608064745159 330.65306254242648 335.46603347854773
0.85000000000000009 330.94341503147621 297.39055890742048 280.45312758794995 324.71832096510832
0.90000000000000002 255.55599224921968 343.36347257888178 268.6762862223361 333.69915354154602
0.95000000000000007 329.98333669512465 343.86920224416588 306.10300924196298 336.76965587776908
1.0 281.1275402764561 325.21032523758947 267.90992926898679 271.44553468533553
1.05 249.70409084262661 285.31323999116529 316.77020484217724 314.59443343472134
1.1000000000000001 340.34299005524531 296.2467234712492 248.32705470070101 339.23331707445408
1.1500000000000001 280.04320325571229 297.51935908706622 318.03594863456067 265.43688875116311
1.2000000000000002 329.03364184984446 255.07350458361861 343.47154233885459 261.69430102855841
1.25 330.57647737483444 285.49687745117018 343.61603325758114 284.12917138345546
1.3 342.39457354850987 283.31943599292509 321.99030105738166 249.94889054896726
1.3500000000000001 285.54570265472074 316.88074940386952 284.70943873615568 315.60185119236837
1.4000000000000001 259.2806338287283 306.96028774799402 271.91296740749112 247.1510143378627
1.4500000000000002 327.32182286906652 246.17616404423171 288.04350587952734 259.99272381272772
1.5 277.86627603689743 260.86920981640367 272.90603534823794 278.43344647417047
1.55 320.80080342318792 312.50583688717484 324.93295478876746 246.80033173242634
1.6000000000000001 349.96647607694621 314.9967506728276 295.74426231930789 303.20426415585001
1.6500000000000001 309.58259658990511 304.16620492662531 342.71892756359364 271.65627130064161
1.7000000000000002 248.58106812185662 320.68002738218195 317.60166814257639 322.58342858182908
1.75 307.08579880402903 299.63210769150299 326.79321735246043 349.6589347351017
1.8 293.066997786157 343.35964260267315 315.4134220011249 304.50569280740842
1.8500000000000001 322.48483413075644 265.64241910829162 255.32175947472726 272.52540292432684
1.9000000000000001 263.32781328689435 303.40271012687651 327.99026415238768 278.53138488940465
1.9500000000000002 267.7605110437018 320.59913128937001 324.00146023581112 318.1730758858817
2.0 329.51670989900856 294.44564243091912 320.24836131021902 248.65288916259166
2.0500000000000003 285.89582199900588 300.81092295949747 256.66458313795727 333.25002796788272
2.1000000000000001 315.33265754019021 348.44388604206864 311.34211488165352 267.37875465329284
2.1499999999999999 324.68909715493021 337.34303564121558 339.8255381072824 308.37542304844953
2.2000000000000002 255.28493878662849 295.36946711215433 307.27831692269245 316.02591401209907
2.25 300.96100813647195 291.05911450465965 292.14539504274489 339.98635724894325
2.3000000000000003 250.07769996396021 271.73759617044124 247.30116219747964 272.05303955885273
2.3500000000000001 304.92215934076336 278.81370792038268 304.05936476238981 304.3689845669191
2.4000000000000004 326.33316872383045 308.08850769490795 245.06257307679047 320.44678393654334
2.4500000000000002 253.55152365364501 312.45170982913658 254.68733823092197 339.75637578481337
2.5 315.27368606850808 320.30822663232362 284.13915255181661 318.4230113524942
2.5500000000000003 260.03082798326841 272.65145899072184 291.13172104205478 251.11466357489292
2.6000000000000001 274.87635939212601 295.46302228471342 304.0262618184392 259.04141438389507
2.6500000000000004 335.7107003026544 314.8299324686194 300.22301575486802 320.02598249265725
2.7000000000000002 286.23912001049661 337.13231986940946 269.4030079131378 324.98764537516877
2.75 331.96243090155122 274.71749080133236 288.76774306886102 322.88536890232518
2.8000000000000003 257.12066379334675 291.32502298834163 338.29855157197437 343.48083872683054
2.8500000000000001 253.02943200534315 294.88136752012855 277.86470527908546 289.85151804808993
2.9000000000000004 287.27370642197923 336.87764495616932 333.18801432166362 343.15227399155532
2.9500000000000002 317.18864226082496 297.72030647534154 248.3201364526206 273.32200797267052
3.0 256.70768532281159 326.26797707949112 279.90498165966983 304.31269400897747
3.0500000000000003 266.42956492804461 259.48046388264032 248.03815087993641 276.85932972802487
3.1000000000000001 320.09382623784632 339.90422354585382 323.29042144180033 349.42378294704156
3.1500000000000004 292.70255525786143 315.24508454797223 273.52752029395737 319.09780358532305
3.2000000000000002 311.52156990415006 287.95393760827744 280.97745953386828 305.68490665908678
3.25 292.66687282559809 334.27488247262698 343.95461509125357 335.70330428239856
3.3000000000000003 337.61242660522885 322.71413733449594 288.52230303236303 245.88346934191773
3.3500000000000001 282.82656974597762 250.64686857445778 262.44221654898763 295.24180384719608
3.4000000000000004 253.63623762317965 301.41651570200582 339.40765245204801 290.79989373231871
3.4500000000000002 332.37134430883538 279.82635135501329 306.8028732167777 311.90086857271126
3.5 252.18022460500282 254.08126430446583 336.33312076147399 299.16355478397134
3.5500000000000003 278.63264290705001 282.3843225702484 309.34021403275381 286.51648998287317
3.6000000000000001 263.02183398881465 261.92746525934797 307.21607211070329 342.62099109301573
3.6500000000000004 282.77548486842136 344.88444764506039 279.97335073968924 327.33406882409554
3.7000000000000002 327.87104709532537 310.26483309151456 317.41272670903697 278.91178189979007
3.75 258.59675402955958 280.75416333015141 301.8467926836031 246.28261075152383
3.8000000000000003 310.99036210177667 286.12825282707735 282.35755985695238 253.54416658790615
3.8500000000000001 246.24092815354479 266.90736345670297 248.78536437476501 265.42850535603145
3.9000000000000004 310.39525158710165 278.70335344219092 252.53951149859077 341.49003729864427
3.9500000000000002 245.16901308353687 267.93619564936949 306.27787484392775 342.39878574031553
4.0 326.23655372104611 280.73791500382026 310.74795897604542 335.17394341798843
4.0499999999999998 345.65598697690564 248.60270733011248 332.24359781004432 251.60623749125159
4.1000000000000005 277.67962559361069 273.13028004212089 338.67064340242359 263.50732176958093
4.1500000000000004 335.63456187123143 305.06184983286573 254.76844325012226 336.5239558443597
4.2000000000000002 287.00279600649691 269.87232280904681 331.51838601010024 292.70217734774656
4.25 329.56493132035132 327.48083428768518 310.15798652557328 293.40866668220883
4.2999999999999998 274.90204427395628 305.0953266879477 344.76440834997811 286.8053383460562
4.3500000000000005 284.4646538528574 315.99745907858119 327.86815198063658 349.60121314542482
4.4000000000000004 330.84789542064254 339.71619820089865 315.00415976266629 319.85561982332274
4.4500000000000002 331.98462074029817 313.09361876010144 329.65972035426694 256.11122693611213
4.5 338.57073402989619 300.42860488571904 280.90470950049377 312.15992402065871
4.5499999999999998 333.83283461140121 245.58046951098754 309.73996465386028 256.36228159193342
4.6000000000000005 289.6776362151075 275.70814562842912 337.72358889158812 318.03074199788756
4.6500000000000004 311.10902846065437 295.59101067838253 319.79833043473576 273.25062787445279
4.7000000000000002 315.65925429070381 287.44094262999141 249.21178630888488 342.7000945837159
4.75 336.30687515402849 276.83327820956919 293.11173919093204 281.25999582509934
4.8000000000000007 288.58230184918239 289.62280663793024 312.07749654102548 347.40067805888611
4.8500000000000005 284.87866029703133 257.36540581555562 300.18118562519413 309.29557977826994
4.9000000000000004 278.01791517473379 277.25593941719109 258.52909706087974 313.37255798153797
4.9500000000000002 311.16061590707608 267.56980052821211 348.0274856671524 344.21654517866841
